BeamProperties : 
   BeamProperty : 
      Name : prop_blade  ; 
      NumberOfTerms :  1  ;
      EtaValue :  0.00000e+00 ; :
        StiffnessMatrix: 
        4.9250233049000000e+10,  +1.8207462009999999e+04,    -1.4030906722999999e+05,    -1.4527473764000000e+10, +4.7605394182999997e+04, -1.0374010627000000e+06,
                                  1.3786295265000000e+10,    -6.2205791575999996e+06,     5.7066790344000001e+04,  6.5111086140000000e+09, -6.5948418108999997e+07, 	  
                                                              1.6273758760000000e+09,     1.9147301109000001e+05, +2.0525627106000001e+06,  7.5967431766999998e+09,
  
                                                                                          9.7770161862000008e+09, -4.3248818989000001e+03,  7.8622678249000001e+05,
                                                                                                                   7.6200938648999996e+09, -9.6167409113999996e+06,
                                                                                                                                            8.2399509536000000e+10;


# 	 1.6273758760000000e+09 	 6.2205791575999996e+06 	 -1.4030906722999999e+05     	 7.5967431766999998e+09 	 -2.0525627106000001e+06 	 1.9147301109000001e+05
# 	                           	 1.3786295265000000e+10 	 -1.8207462009999999e+04      	 6.5948418108999997e+07 	 6.5111086140000000e+09 	 -5.7066790344000001e+04
# 	                                                    	 4.9250233049000000e+10         -1.0374010627000000e+06 	 -4.7605394182999997e+04 	 -1.4527473764000000e+10

# 	   	                                                                                     8.2399509536000000e+10 	 9.6167409113999996e+06 	 7.8622678249000001e+05
# 	  	                                                                                                               	 7.6200938648999996e+09 	 4.3248818989000001e+03
# 	  	                                                                                                                                           	 9.7770161862000008e+09



# 	 1.6273758760000000e+09 	 6.2205791575999996e+06 	 -1.4030906722999999e+05 	 7.5967431766999998e+09 	 -2.0525627106000001e+06 	 1.9147301109000001e+05
# 	 6.2205791575999996e+06 	 1.3786295265000000e+10 	 -1.8207462009999999e+04 	 6.5948418108999997e+07 	 6.5111086140000000e+09 	 -5.7066790344000001e+04
# 	 -1.4030906722999999e+05 	 -1.8207462009999999e+04 	 4.9250233049000000e+10 	 -1.0374010627000000e+06 	 -4.7605394182999997e+04 	 -1.4527473764000000e+10
# 	 7.5967431766999998e+09 	 6.5948418108999997e+07 	 -1.0374010627000000e+06 	 8.2399509536000000e+10 	 9.6167409113999996e+06 	 7.8622678249000001e+05
# 	 -2.0525627106000001e+06 	 6.5111086140000000e+09 	 -4.7605394182999997e+04 	 9.6167409113999996e+06 	 7.6200938648999996e+09 	 4.3248818989000001e+03
# 	 1.9147301109000001e+05 	 -5.7066790344000001e+04 	 -1.4527473764000000e+10 	 7.8622678249000001e+05 	 4.3248818989000001e+03 	 9.7770161862000008e+09

        MassPerUnitSpan  :  2.0603805941000001e+03  ;
        MomentsOfInertia :  3.8602811038999998e+03,  3.4409077206000001e+02, 3.5161903318999998e+03 ;
        CenterOfMass     :  -1.626791738888904e+00 , -1.149400065786803e+00 ;
        DampingCoefficient : 0.010000 ;
     ;
   ;
;


# BeamProperties : 
#    BeamProperty : 
#       Name : prop_blade  ; 
#       NumberOfTerms :  1  ;
#        EtaValue :  0.0 ; : 
#          AxialStiffness : 2.5000e+10 ; 
#          BendingStiffnesses :  1.3021e+08 , 5.2083e+08 ,0.00000000e+000 ;  
#          TorsionalStiffness :  1.4179e+08 ;  
#          ShearingStiffnesses : 8.2641e+09, 7.8747e+09 , 0.00000000e+000 ;  
#          MassPerUnitSpan : 975. ; 
#          MomentsOfInertia : 25.3906, 5.0781, 20.3125  ; 
#          CenterOfMass :  0.0 , 0.0  ; 
#          ShearCenter :   0.0 , 0.0  ; 
#          Centroid :      0.0 , 0.0  ; 
#          DampingCoefficient : 1.0E-02 ; 
#       ;
#    ;
# ;




CurveMeshParameters : 
   CurveMeshParameter : 
      Name : mesh_blade ; 
      NumberOfElements :  90 ; 
      OrderOfElements :   3 ; 
   ; 
; 
